-0.7359,0.081226,0.035295,0.1708,-0.0061208,-0.080307,-0.13308
-0.80544,0.022624,0.15561,0.012477,-0.10357,-0.082419,0.041498
-0.54057,0.078857,0.09779,0.05828,-0.0025399,-0.097241,-0.0051505
-0.21494,-0.084887,-0.05425,-0.074205,0.11119,-0.11837,-0.018312
0.16939,-0.088282,-0.25353,0.077515,0.35724,-0.14852,-0.21281
0.9535,-0.26467,-0.43654,0.1367,0.81772,-0.10653,-0.12346
-0.0072881,-0.23424,0.013689,-0.26044,0.38952,0.036933,0.19096
0.31358,0.058823,-0.28322,0.037535,0.22737,-0.052287,-0.021226
0.01041,0.04637,-0.1259,0.0089549,0.062803,-0.22515,0.04338
-1.5492,0.18492,0.48344,-0.022122,-0.41678,0.23933,0.28718
-0.57831,0.37457,0.26105,-0.057987,-0.25808,0.22188,0.3215
-0.020025,-0.11262,-0.099066,0.11596,0.044608,-0.44605,-0.033047
0.7595,-0.099138,-0.20876,0.075469,-0.025488,0.042545,0.35228
-0.27581,-0.22484,-0.086347,0.17161,-0.041399,-0.25608,-0.34445
0.48376,0.16761,-0.092554,-0.21379,0.13018,0.021694,0.20748
0.66957,-0.043964,-0.095364,0.25181,0.029381,0.079241,-0.041727
0.44218,-0.049714,-0.08147,0.028942,0.0085392,0.0041508,0.19673
0.27651,-0.089348,-0.071231,0.087357,-0.019262,0.025856,0.054708
0.36946,0.067142,-0.0068702,-0.12235,0.17511,0.0809,0.051976
0.47955,-0.14696,0.12348,-0.16175,0.10804,0.27676,0.41998
0.69746,-0.020785,-0.10914,0.025695,0.38501,0.029733,-0.17942
0.87938,-0.015698,0.021071,0.046436,0.38979,0.095851,0.094232
0.3398,0.22185,0.23384,0.063399,0.26225,0.18627,-0.02766
0.38101,-0.075734,0.13264,-0.055702,0.098242,0.33141,0.033593
-0.096339,0.22433,0.2185,0.11458,0.079725,0.22831,-0.089685
-0.020907,0.35456,0.41117,-0.092267,-0.072078,0.46712,0.46494
-0.33382,0.044413,0.32812,-0.0026278,-0.14595,0.19943,0.16168
-0.42326,0.21027,0.26592,-0.054672,0.022965,0.061474,0.17307
-0.088718,0.067022,0.31301,-0.049912,0.094512,0.016753,0.35849
-0.45839,0.22029,0.2088,0.01338,0.032043,0.04701,-0.14257
0.16672,0.047756,0.03158,0.053373,0.26043,-0.18001,-0.0097733
-0.5009,0.25541,0.24869,0.022064,-0.15151,0.20278,0.21257
-0.56157,0.1424,0.23984,0.070554,-0.18416,0.072057,-0.062394
-0.23754,0.088644,0.20026,-0.035376,0.05016,0.039849,0.099627
0.17037,-0.054098,-0.0033927,-0.035713,0.27344,-0.31511,0.007819
-0.49161,0.040815,0.22556,0.042741,-0.097653,-0.087971,0.028781
-0.14684,0.15862,-0.02983,0.069691,-0.054147,-0.0041117,0.057216
-0.26306,0.051697,-0.046055,0.069841,-0.0087744,-0.22889,0.1241
0.078537,0.079944,-0.049946,-0.089783,0.13372,-0.1286,0.35726
0.16328,0.099207,-0.25916,-0.21702,0.15281,-0.39801,0.42625
-0.20569,0.12037,0.11916,-0.022182,0.033057,0.14967,0.075744
0.018569,-0.26246,0.05588,0.099899,0.052471,-0.011841,-0.050799
-0.1581,-0.16486,0.10475,-0.0088527,-0.048247,-0.066507,0.14668
0.043437,0.46347,-0.30767,0.048866,0.044645,-0.08356,0.049011
-0.037679,-0.15984,0.15012,0.14992,0.068445,0.26503,-0.079941
0.0932,0.090249,-0.083955,0.083911,0.10391,0.12769,-0.048778
-0.11181,-0.12324,0.14217,0.0075053,-0.071263,0.19468,0.042771
-0.18902,0.014799,0.029125,-0.0010112,-0.06618,0.13122,0.11403
-0.20452,0.076427,-0.05203,0.021967,0.014149,-0.04747,-0.0051749
-0.3911,0.016478,0.022491,0.15649,0.0016935,0.012105,-0.161
-0.093224,-0.081667,0.062,0.034362,0.0015754,0.16966,0.17124
-0.12289,-0.064781,0.043628,-0.020411,0.11174,-0.031124,0.043415
-0.074901,0.0060429,-0.084893,0.021497,0.16952,-0.078346,-0.03812
-0.15902,0.011776,-0.099175,0.027554,0.068392,0.076468,-0.087784
-0.24779,0.13072,-0.12481,0.084321,0.025473,0.050953,0.01183
-0.37522,-0.19765,0.013225,0.076948,-0.0033128,-0.0032665,0.055635
0.052632,0.020854,-0.1285,0.0076082,0.10871,-0.015611,0.19194
-0.14755,-0.069313,0.050899,0.057605,0.13099,0.03024,-0.10111
-0.28676,0.0091167,-0.035824,0.09755,-0.043763,0.20518,-0.030844
-0.33099,0.11175,-0.12232,0.1739,0.093864,-0.12448,-0.11011
-0.067556,-0.10801,-0.063048,0.049466,0.1328,-0.12467,-0.072854
-0.42765,0.14918,0.14577,0.0050462,-0.17455,0.23491,0.17372
-0.28124,0.031997,0.0040296,0.092508,-0.032793,0.015811,-0.058634
-0.075659,-0.090901,-0.013447,0.0065807,0.032541,-0.051551,0.084309
-0.39855,0.065106,0.090348,0.1345,-0.049752,0.071087,-0.10378
-0.22218,0.039071,-0.10698,0.043602,0.0072836,-0.2141,0.033956
-0.27524,-0.09506,-0.0087647,0.048373,-0.022291,-0.20762,-0.096483
0.48924,-0.084653,-0.28633,0.075777,0.44532,-0.21593,-0.30411
-0.92978,0.1487,0.29216,-0.047808,-0.46414,0.1016,0.35735
-0.59883,0.060083,0.097431,-0.048282,-0.22607,0.097947,0.095375
-0.37602,0.038052,0.035574,0.028367,-0.15013,-0.064007,-0.093538
-0.17459,0.05961,-0.10628,0.0097131,-0.05084,0.042675,-0.049117
-0.4934,0.010647,0.044196,0.0051389,-0.18374,-0.20203,-0.011423
-0.25663,-0.12369,-0.067512,0.0334,-0.09521,-0.13231,-0.14867
-0.36416,-0.0067209,-0.026614,0.032608,-0.12242,-0.12725,-0.077571
-0.19472,-0.070012,-0.094627,-0.07648,-0.13155,-0.21835,0.27286
-0.484,0.28617,-0.17976,0.059464,-0.17702,-0.10378,-0.16806
-0.12786,-0.060054,-0.087562,0.037477,-0.029859,-0.087721,-0.083937
-0.35817,-0.096736,0.088318,0.07881,-0.11276,0.044361,-0.083615
-0.46792,-0.00084326,0.038811,0.039069,-0.08503,-0.02579,-0.14817
-0.37711,-0.0033984,-0.012779,0.028075,-0.07438,-0.11309,-0.12782
-0.57188,-0.095955,0.03153,-0.095144,-0.072565,-0.10407,0.052401
-0.37274,0.17867,-0.073452,-0.028735,-0.078363,-0.051732,-0.11288
-0.35621,-0.23459,0.11689,-0.1291,-0.11686,-0.25214,-0.054301
-0.58306,0.23357,-0.13593,-0.079084,-0.21122,-0.14842,0.052953
-0.21146,-0.12101,0.051005,0.0063957,-0.06685,-0.17748,-0.073118
-0.16083,0.17167,-0.33291,-0.22263,-0.22502,-0.35701,0.10875
-0.41751,-0.036266,-0.083557,-0.061658,-0.29851,-0.33024,-0.15287
-0.14195,-0.17122,-0.079778,-0.23228,-0.19027,-0.21203,-0.10068
-0.07783,-0.11304,-0.073803,-0.3619,-0.20393,-0.22932,0.086538
-0.066423,0.2138,-0.036591,-0.301,-0.2208,-0.057986,0.10702
-0.063059,0.10271,0.073903,-0.23628,-0.41721,-0.095909,0.034274
0.20567,0.0043074,-0.11425,-0.034569,-0.15128,-0.25901,-0.43654
0.18727,0.039563,-0.067932,0.0024976,-0.31789,-0.18505,0.0025575
0.056123,0.059452,0.021998,0.12535,-0.27159,-0.06329,-0.06915
0.43965,-0.16599,-0.087392,0.049417,-0.017542,-0.17446,-0.21889
0.22884,0.041934,-0.080874,0.11392,-0.10124,-0.1396,-0.14721
0.055111,-0.01113,0.16373,-0.01327,-0.14241,0.20631,0.11634
0.18154,-0.07104,-0.096736,0.067538,0.13877,-0.23681,-0.20132
-0.06359,-0.19128,0.035902,-0.10241,0.069629,0.0041081,0.0067051
-0.013935,0.10267,-0.020787,-0.12185,0.31785,-0.13743,-0.18099
-0.49296,0.076285,0.26224,-0.015981,-0.059822,0.1505,0.11693
0.02772,0.051423,0.0072127,0.045856,0.26382,-0.0072947,-0.090705
-0.08449,0.12182,0.092228,-0.092351,0.18432,0.081483,0.2044
-0.74623,0.08904,0.20816,-0.13984,-0.045034,-0.0061622,0.19724
-0.47236,0.16796,0.17521,-0.069957,0.014108,0.2005,-0.026113
0.36062,0.013037,0.063639,-0.0082134,0.13682,-0.011448,0.10682
-0.38755,0.013919,-0.11867,0.098002,0.018914,-0.35459,0.0060747
-0.24852,0.059554,-0.0062928,-0.051593,0.065403,0.023081,-0.0045354
-0.23402,-0.073385,-0.12799,0.048751,0.034949,-0.1664,-0.37468
-0.35226,0.036728,-0.037332,-0.13576,-0.072336,0.11641,-0.059178
-0.11497,-0.26405,-0.026249,0.099305,-0.15573,0.057467,-0.010308
-0.054413,-0.020024,-0.18527,0.13982,-0.082662,0.011953,-0.090795
-0.17933,-0.08952,-0.23377,0.15366,-0.18289,-0.19453,0.019003
-0.24701,-0.0051918,-0.089014,0.11611,-0.046519,0.0019859,-0.11965
-0.31156,-0.18433,-0.045192,0.04609,-0.0050849,0.094601,-0.11693
-0.45284,-0.0040442,-0.089828,-0.020764,-0.14214,0.032739,-0.016841
-0.17051,0.041999,-0.24207,-0.15559,0.14959,-0.09876,-0.14373
-0.30908,-0.16046,-0.1184,-0.10266,0.047896,-0.049715,0.11859
-0.35175,-0.07727,-0.20545,-0.007113,-0.06807,0.028614,0.00032487
-0.27402,-0.32612,-0.066704,-0.084016,-0.12774,-0.076403,0.18162
-0.027251,-0.032545,-0.45058,0.020727,-0.071142,0.055959,-0.27957
-0.083071,-0.23856,-0.53794,-0.02924,-0.20384,-0.00048276,-0.4035
-0.33764,-0.40462,-0.46613,-0.31794,-0.29654,-0.053543,0.15016
-0.16302,-0.017103,-0.3657,-0.34067,-0.22838,0.2001,0.21375
-0.17269,-0.22277,-0.39078,-0.011649,-0.37202,-0.0046301,-0.1685
0.12229,-0.27407,-0.34202,-0.2011,-0.12784,0.2529,-0.080869
-0.053796,-0.24237,-0.33146,-0.025486,-0.23596,-0.0050474,-0.1427
0.33461,-0.27917,-0.31108,-0.099949,-0.00071748,-0.031287,-0.2008
0.021785,-0.17538,-0.39263,-0.38211,-0.0094309,-0.099106,0.035611
0.69147,-0.25557,-0.44372,-0.14024,0.038945,-0.061534,-0.16437
0.19828,-0.14776,-0.36764,-0.0062047,-0.35644,0.21114,0.13452
0.34589,-0.055663,-0.26185,0.26622,-0.2328,0.021132,0.1339
0.40264,-0.33777,-0.27698,-0.17954,-0.070383,0.19886,0.23009
0.2989,0.10717,-0.3423,-0.46561,0.12745,0.18461,0.47886
0.27961,-0.16001,-0.087183,-0.019118,0.058913,0.1583,0.11253
0.041414,-0.0079925,-0.10202,0.15509,-0.039738,0.063449,0.12121
0.42178,0.088751,-0.072501,0.16072,0.22509,0.11292,-0.021249
0.40525,-0.32996,0.067292,0.26192,0.23429,0.17899,-0.0065269
0.91261,-0.22687,-0.30156,0.23337,0.58982,0.10286,-0.14738
0.56849,-0.013755,-0.18245,0.31601,0.1375,0.14046,0.27132
-0.68454,0.17584,0.36709,0.49796,-0.36531,0.67473,0.35049
-0.12469,0.21177,0.11141,0.46993,0.090714,0.29449,0.025516
0.15322,0.034827,0.12755,0.48542,0.13446,0.11061,-0.0020337
0.1066,-0.028318,-0.05397,0.31288,0.22094,0.094227,0.079508
-0.33002,-0.075165,0.0082978,0.01214,0.31584,0.21185,-0.054247
-0.34581,-0.1294,-0.070339,-0.11031,0.33403,0.027973,0.1199
-0.17748,-0.0097314,-0.022334,-0.073151,0.3455,0.35386,0.1754
-0.10293,0.077914,-0.23448,-0.0010712,0.50164,0.081994,0.13688
0.033378,-0.21543,-0.25006,0.27935,0.21601,-0.057372,0.076424
-0.46696,0.14237,-0.13627,0.41633,-0.1175,0.18152,0.13677
-0.23854,-0.09686,-0.039666,0.26349,0.039499,0.18606,0.36
-0.24629,-0.070342,-0.20274,0.28689,0.062278,0.033696,0.25905
-0.42568,-0.16192,0.10739,0.40249,0.15115,0.17284,0.024333
-0.74543,0.22129,0.082821,0.53702,0.0088614,0.12482,0.24794
-0.39866,-0.073782,0.10528,0.25737,0.25538,0.067871,0.16682
-0.53528,0.19098,-0.14399,0.19591,0.31267,0.088161,-0.15935
-0.50021,-0.045728,0.017869,0.06521,0.23516,0.11746,0.14044
-0.26363,-0.1537,-0.14895,0.26144,0.20214,-0.15421,0.01972
-0.33053,-0.020484,-0.21364,0.20826,0.27877,-0.072597,-0.0438
-0.041408,-0.14594,-0.094913,0.15273,0.31828,0.087584,0.245
-0.72501,0.075857,-0.083868,0.26764,0.010523,0.16447,-0.0088146
-0.48316,-0.22737,-0.0038439,0.014684,0.29084,0.10456,0.14413
-0.70692,0.29542,-0.21767,0.2593,0.059684,0.14457,0.11256
-0.63512,-0.22135,0.075578,0.3058,0.076604,0.045833,-0.094039
-0.67412,-0.026583,-0.092914,0.20892,0.1231,0.077747,0.009626
-0.58306,-0.15294,-0.19428,0.092618,0.21589,-0.083833,-0.022402
-0.80951,-0.35869,-0.22166,0.082847,-0.075687,-0.06844,0.14752
-0.39562,-0.43869,-0.29279,0.007098,0.12751,-0.076628,0.064899
-0.1011,0.019413,-0.53533,0.06478,0.093673,-0.18849,0.0062043
-0.31818,-0.16199,-0.43861,0.049211,-0.05957,-0.014917,0.1292
-0.31744,-0.33411,-0.50134,-0.065274,0.035796,-0.1367,-0.055567
-0.31227,0.10372,-0.80257,-0.2862,-0.017841,0.2797,-0.24379
-0.15824,-1.5796,-0.049395,-0.4287,-0.024241,-0.079744,0.15889
-0.19876,0.81483,-1.0262,0.15871,-0.43753,0.4595,-0.16159
-0.25153,-0.48065,-0.23348,0.37705,-0.72692,0.1091,-0.021573
-0.28985,-0.43995,-0.5157,-0.30008,-0.38069,0.0090631,0.20116
0.21301,-0.27163,-0.72223,-0.17094,-0.35472,-0.34846,0.17241
0.19349,-0.652,-0.44305,-0.26544,-0.16391,0.066725,-0.16311
0.17607,-0.35922,-0.52231,0.19681,-0.31391,-0.069802,0.11119
-0.096357,-0.24474,-0.34881,-0.22568,-0.054129,0.27849,-0.20344
0.056428,-0.038358,-0.76796,-0.43764,-0.043521,0.11532,-0.023317
-0.27445,-0.63127,-0.34453,-0.32134,-0.56037,0.18046,0.12109
0.16934,-0.12587,-0.83747,-0.22001,-0.54787,0.27271,-0.051617
0.12104,-0.60932,-0.80988,-0.53658,-0.6806,0.023548,0.27579
0.26434,-0.5737,-0.46363,-0.61268,-0.30668,0.12213,0.038338
0.50884,-0.036845,-0.81131,-0.32378,-0.57116,-0.18814,0.54024
0.63403,-0.11874,-0.42724,0.16066,-0.52646,0.03198,0.091968
1.3779,-0.37386,-0.53829,0.040339,-0.014669,0.0075821,-0.23584
1.7745,-0.14067,-0.67965,-0.12882,0.32354,-0.060262,0.1925
1.2564,-0.10769,-0.084655,0.2286,0.0087147,0.44464,-0.20855
1.3259,0.011893,0.045428,0.34824,0.12981,0.44004,-0.32994
0.89714,0.096611,0.13141,-0.042291,0.21069,0.23436,0.06896
0.26432,0.071857,0.37641,-0.3934,0.20661,0.5516,0.17878
0.18152,0.20087,0.26897,0.27416,0.022052,0.23631,-0.12899
0.0904,-0.024755,0.46403,-0.011862,-0.1108,0.37413,0.18452
-0.46843,-0.11769,0.35289,-0.40082,0.084606,0.3097,0.055876
-0.38451,0.50446,-0.010395,-0.32153,0.050297,-0.10784,0.14366
-0.26021,0.027834,0.33586,-0.11247,-0.054115,0.06573,0.28004
-0.091861,0.14815,0.18335,0.31065,-0.060809,-0.093603,-0.11647
0.045734,0.1281,0.2804,0.22468,0.051849,0.023375,0.07879
-0.37694,0.28836,0.22062,-0.0037958,0.0070976,-0.015349,0.10944
-0.50878,0.26008,0.3496,0.50817,-0.24784,0.074304,-0.22582
-0.40442,0.27864,0.20544,0.20879,0.021085,-0.12376,-0.10363
-0.12928,0.077612,0.14877,0.00202,0.18048,-0.10613,-0.063444
-0.16621,0.021064,0.14018,0.1972,0.0020483,-0.18669,0.019803
-0.15266,-0.025057,0.16074,-0.22238,0.1964,-0.0075556,0.13112
0.075423,-0.023071,0.08296,-0.091841,0.17217,0.19286,-0.016584
-0.13358,0.047107,0.10995,0.19467,-0.032566,-0.022552,0.037871
-0.079951,0.10607,0.080133,0.13813,0.047087,-0.046293,0.22341
-0.16356,-0.066902,0.024409,0.18435,0.07113,-0.13103,-0.06595
0.11515,0.065883,-0.097326,0.12614,0.13575,-0.058954,0.29303
-0.44629,0.18827,0.065053,0.15262,-0.13695,0.14302,0.3031
-0.3394,0.015187,0.16679,0.3528,-0.095349,0.19399,0.10452
-0.11756,-0.042567,-0.043838,-0.061294,0.2791,-0.2482,-0.046687
-0.53534,-0.16701,0.15418,-0.010071,0.046877,-0.04074,0.29793
-0.62316,0.31495,-0.082946,0.15754,0.1024,-0.089656,-0.01103
-0.44943,-0.0012682,-0.004377,0.1727,0.040103,-0.20922,0.16625
-0.46126,0.096581,-0.1465,-0.026894,0.17457,-0.042062,-0.03768
-0.42545,-0.022722,-0.097038,0.18388,0.0043231,-0.044567,0.098802
-0.2827,-0.059915,-0.084103,0.1886,0.22292,-0.08448,-0.0089354
-0.26706,-0.06035,-0.23299,-0.0051583,0.24219,-0.11519,0.056257
-0.38273,-0.053561,-0.22718,0.062068,0.058965,-0.1388,0.0051042
-0.40928,-0.10006,-0.16268,-0.020394,0.21044,-0.057932,0.091162
-0.33897,-0.28862,-0.11066,0.22268,0.098712,-0.15186,0.004629
-0.48702,0.071937,-0.17944,0.18067,0.041498,-0.053439,0.020278
0.2149,-0.28284,-0.39801,-0.095033,0.46887,-0.50305,0.015848
-0.46517,-0.015858,-0.091596,0.071925,0.021517,0.081061,0.034335
-0.7623,-0.098482,0.005448,0.1506,-0.16406,0.04216,0.23557
-0.88313,-0.098512,0.027738,0.22985,-0.051095,0.086905,-0.098408
-0.34445,-0.15524,-0.23156,0.046528,0.16664,-0.027054,-0.29435
-0.58892,-0.15393,-0.20337,0.08747,0.080521,-0.098917,-0.01313
-0.094777,-0.069321,-0.38785,0.079728,0.20198,-0.10512,0.017408
-0.36013,-0.060044,-0.1483,0.42187,-0.070533,-0.021004,-0.22756
-0.3067,-0.28025,-0.14409,-0.078788,0.091123,0.054143,0.072531
-0.53416,-0.20339,-0.27391,-0.12045,0.014255,-0.070663,0.046144
-0.58708,-0.049172,-0.51458,-0.38273,0.086146,-0.13272,0.095059
-0.34243,-0.13103,-0.36764,-0.026939,0.022902,0.049696,0.0077871
-0.022949,-0.33817,-0.18499,-0.041612,0.060527,0.012908,-0.24972
-0.14376,-0.22043,-0.22345,-0.0044417,-0.13541,-0.029669,-0.011052
-0.40511,-0.19192,-0.18745,0.075896,-0.11458,0.099143,-0.064178
0.47662,-0.38002,-0.43915,0.05557,0.30002,-0.26284,-0.15884
-0.56781,-0.092017,-0.15922,-0.12422,-0.13671,0.15386,0.091711
-0.065992,-0.12075,-0.46263,0.3386,-0.20869,-0.15293,-0.050444
0.0046093,-0.29274,-0.39326,0.065652,-0.097916,-0.035134,-0.023145
0.19512,-0.3208,-0.46346,-0.034331,0.10415,0.32167,-0.3527
-0.27024,-0.2296,-0.26277,-0.34413,0.069182,0.24677,-0.10859
-0.29246,-0.2984,-0.68525,-0.91376,0.093747,0.15857,-0.064215
0.044804,-0.27107,-0.41128,-0.33701,-0.038846,0.11824,-0.052969
0.0711,-0.28935,-0.34153,0.097824,-0.40162,0.20392,-0.06605
-0.046919,-0.56294,-0.24423,-0.15293,-0.34389,0.29873,-0.15374
-0.072512,-0.20417,-0.36907,-0.88247,0.25862,0.27749,-0.30477
0.16159,-0.36446,-0.67762,-1.2924,-0.036462,0.00052278,0.17135
1.4392,-0.048474,-1.1878,0.42118,-0.95116,0.11897,0.058214
1.5998,-0.3233,-0.25402,1.1587,-0.65005,-0.18109,-0.033766
0.87947,-0.11484,-0.090875,0.68216,-0.35124,0.26956,-0.12085
0.38862,-0.040787,-0.057115,-0.15639,0.22068,0.60531,-0.23036
-0.42172,-0.23642,0.17143,-0.65737,0.29489,0.28725,-0.18443
-0.55599,-0.011485,0.087348,-0.52576,0.13453,0.43807,-0.072334
-0.61181,-0.088056,-0.082962,-0.46929,-0.09174,0.44454,-0.18673
-0.56273,-0.23661,-0.27382,-0.7947,-0.14749,0.47114,-0.23725
-0.24183,-0.33578,-0.84514,-0.71413,-0.49458,0.22169,-0.20619
0.30223,-0.63102,-0.7133,0.19243,-0.89076,0.28017,-0.093758
0.20405,-0.27215,-0.39266,-0.39709,-0.16746,-0.11548,-0.021549
0.14892,0.15683,-0.22287,0.36045,-0.49126,0.059741,-0.077317
-0.13073,-0.025186,-0.3941,-0.41398,-0.14598,0.1226,-0.26773
-0.15993,-0.30682,-0.46169,-1.0469,-0.20392,0.41843,-0.19262
0.42794,-0.34958,-0.59073,0.16152,-1.0813,0.12111,-0.1515
-0.099538,-0.41056,-0.50745,-0.69329,-0.63946,0.21248,-0.12852
0.22054,-0.045979,-0.30383,-0.58318,-0.2563,0.30023,-0.18419
0.61824,-0.1187,-0.15261,-0.24833,-0.19029,-0.34865,0.38128
0.781,0.23316,-0.17637,0.23975,-0.34144,-0.022888,0.11778
1.1226,-0.082545,0.01829,0.93802,-0.80172,-0.10017,0.16266
0.88059,0.064156,-0.040872,-0.17846,0.1218,0.044603,-0.072723
0.80503,-0.16385,-0.11605,-1.0064,0.58209,0.017979,-0.10706
-0.24593,0.22367,0.1724,-0.74844,-0.38998,0.65831,0.13004
0.75597,0.1044,-0.2509,0.15281,-0.414,-0.0077621,0.13506
0.63967,-0.18334,-0.052801,-0.16244,-0.20293,0.36535,-0.18842
0.44877,-0.52658,0.13404,0.10076,-0.35457,0.20355,0.078747
0.52707,-0.21609,-0.043587,-0.81117,0.057838,0.17362,0.29617
0.64312,0.39166,-0.034637,0.24112,-0.1158,0.28093,0.084137
0.9125,0.34715,0.1019,0.68873,-0.19965,-0.090348,0.17494
0.56614,0.078332,0.23906,0.44699,-0.11809,0.51393,-0.28959
0.90641,-0.232,0.20742,0.65985,-0.22296,0.41652,-0.049666
0.5119,0.19165,-0.0018781,0.25062,0.059022,0.4139,-0.059516
0.33495,0.169,0.0099945,0.25699,0.037149,0.07351,0.03942
-0.37179,-0.034916,0.45072,0.27831,-0.21781,0.32481,0.2707
0.22397,0.098988,-0.035158,-0.12269,0.44101,0.17666,-0.16441
-0.21999,0.024154,0.23354,0.0073428,0.084456,0.4429,-0.1716
-0.34959,-0.27227,0.32805,0.1227,-0.10714,0.20638,0.033811
-0.29984,0.15787,0.090479,0.23605,-0.037169,0.21857,-0.10737
-0.5539,0.029052,0.028211,-0.23853,0.22052,0.18731,-0.19052
-0.67115,0.0015579,0.13076,-0.16981,0.11186,0.036226,0.021733
-0.23778,0.056595,-0.057725,-0.22969,0.24069,-0.020697,0.17983
-0.78965,0.12855,0.12232,0.32426,-0.29348,-0.059166,-0.064828
-0.35772,0.10421,0.043452,0.27049,-0.12122,-0.17378,-0.047534
-0.36889,0.053889,-0.063197,-0.047069,0.10567,-0.16586,-0.086814
-0.38755,0.074431,0.012211,-0.033025,0.11985,-0.10423,-0.1187
-0.67151,-0.16806,0.24797,0.22079,-0.18574,0.094521,0.12595
-0.52542,-0.023523,-0.21195,0.096984,0.11678,-0.45928,0.10751
-0.35002,0.12868,-0.12927,-0.16292,0.20291,-0.064311,-0.0099497
-0.37941,-0.017997,-0.10612,-0.11324,0.15348,-0.10116,0.00070864
-0.36022,0.11231,-0.10341,-0.3082,0.39777,-0.083652,-0.14185
-0.39411,0.02174,-0.13205,-0.068734,0.19143,-0.22207,0.014563
-0.16077,-0.086545,-0.10208,-0.09165,0.070068,-0.086511,0.038666
0.016975,-0.063597,-0.086323,0.35085,-0.084021,0.056987,-0.31051
-0.037718,0.013242,-0.166,0.20373,0.023076,-0.122,-0.058989
0.035432,-0.00093161,0.022895,0.36998,-0.041598,-0.18718,0.21523
-0.11479,0.11166,-0.0049812,0.70525,-0.19486,-0.084984,0.08784
0.023396,0.15571,0.046657,0.24357,0.097031,-0.088851,0.1911
0.028234,-0.11433,0.028428,0.25542,0.20009,-0.038243,-0.16911
-0.072319,-0.13352,0.13504,-0.10925,0.32038,0.22789,-0.079166
-0.34296,0.082831,-0.034206,-0.12723,0.40115,-0.059774,0.014126
0.22837,0.016938,-0.052561,0.59129,0.18653,-0.16961,0.048219
-0.052331,0.1111,0.031928,0.53262,0.025153,-0.03474,-0.0026775
0.15631,0.024741,0.024386,0.62407,-0.043339,-0.052262,0.14167
0.06819,-0.1503,-0.078487,0.18917,0.28089,0.013644,-0.09909
-0.24093,0.014225,-0.050718,0.10492,0.15058,0.0065043,0.085198
-0.17035,-0.023704,-0.074877,0.063536,0.18876,0.050735,0.094949
0.07516,-0.2799,-0.064648,0.30953,0.15104,-0.18874,0.12073
-0.13501,-0.10267,0.11009,0.38274,-0.013796,0.13466,-0.096248
-0.17015,0.01067,-0.10061,0.39552,-0.10814,0.24289,-0.024722
-0.25652,0.037793,-0.13968,0.15432,0.032091,0.15024,-0.010787
0.33443,0.3082,-0.4305,0.49584,0.15335,0.12306,-0.12359
0.1955,0.14141,-0.2592,0.75154,-0.027633,-0.010585,-0.098615
-0.035573,-0.24111,-0.013303,0.53868,0.0056858,0.044991,0.079897
-0.10014,-0.65847,0.1764,0.057723,0.21635,0.079214,0.2076
0.081261,-0.14015,-0.048474,0.050369,0.27919,0.24939,-0.0356
-0.15574,0.29281,-0.30738,0.46413,-0.067298,-0.060464,0.13835
0.011524,-0.24843,0.026718,0.33373,0.086745,0.0088087,0.11322
-0.19682,-0.1903,0.023073,0.1266,0.086149,0.12764,0.1259
-0.0019808,0.14988,-0.1925,0.083139,0.13882,-0.094793,0.10476
-0.13128,-0.046262,-0.01086,0.076413,0.057237,0.1467,0.011245
-0.38682,-0.13489,-0.0523,0.19254,-0.079757,0.31128,0.060503
0.21659,-0.48835,-0.089248,0.2815,0.1045,-0.17331,-0.080238
-0.52383,0.11708,0.061249,0.18858,-0.061099,0.45333,-0.21613
-0.14755,0.0064932,-0.13071,0.19778,0.098263,0.057144,-0.11265
-0.30789,-0.1852,-0.069671,-0.1237,0.1913,-0.10971,0.059735
-0.32511,0.064518,-0.14183,-0.23682,0.10856,0.093921,0.018642
-0.097788,-0.12187,0.031877,0.065899,0.033467,0.12461,-0.060728
-0.32613,0.098737,-0.033912,0.11109,-0.038114,0.019208,-0.13672
-0.27866,-0.11459,0.12348,-0.028075,0.099248,0.14796,-0.082464
-0.24239,0.059115,-0.14255,-0.26521,0.24849,-0.12188,0.067379
-0.45909,0.11948,-0.13899,-0.18845,-0.11549,-0.25895,0.61027
-0.014126,0.059533,-0.10085,0.30993,-0.15465,-0.39834,0.65099
-0.18437,0.1455,-0.038501,0.03419,0.011438,-0.063654,0.10075
0.20149,-0.12943,0.11246,0.20085,-0.044271,0.048079,0.018212
-0.16233,0.13418,-0.044956,0.31051,-0.14613,-0.011051,-0.10193
-0.16188,-0.18461,0.088788,0.14027,0.078742,0.018658,-0.068287
-0.33516,-0.17934,0.057036,-0.13094,0.053775,-0.17449,0.15044
-0.0024496,0.15651,-0.19755,-0.21537,0.20712,-0.0060552,-0.038908
-0.26072,-0.12482,-0.013769,0.030322,-0.012445,-0.016375,-0.23308
-0.036545,-0.11783,-0.11229,-0.22574,0.11379,-0.0021031,-0.0091314
-0.080122,0.081721,-0.20048,-0.23412,0.11921,0.091641,0.054738
-0.055154,-0.11877,-0.046598,0.1097,-0.062442,-0.089292,-0.056816
-0.21747,0.04549,-0.024184,0.27015,-0.1373,0.11948,-0.074307
-0.15764,-0.081444,-0.1535,-0.0052436,0.079304,-0.21223,0.084548
-0.29376,-0.14321,-0.051354,-0.12281,0.030253,0.14076,-0.088557
-0.24337,-0.21129,-0.065259,-0.065969,-0.024219,0.044436,-0.16674
0.021345,-0.00014888,-0.31714,-0.068949,0.071818,-0.19882,-0.25215
-0.085531,-0.17153,-0.17585,-0.26146,-0.031844,-0.040795,-0.049889
0.00070601,-0.35627,0.0051968,0.028662,-0.18857,0.11224,-0.030465
0.33554,0.067712,-0.43073,0.072939,-0.071937,-0.068872,-0.3094
0.167,0.12142,-0.3453,0.29253,-0.33286,0.045922,-0.041801
0.4175,-0.20215,-0.27393,0.30756,-0.11177,-0.095652,-0.16377
-0.18421,0.144,-0.14021,-0.028052,-0.22083,0.25011,-0.15103
0.20659,-0.34364,-0.060123,-0.13059,-0.0445,0.095131,-0.033061
0.20765,-0.27321,-0.11981,0.097781,-0.13272,-0.035815,0.10795
-0.009966,0.076847,-0.25903,0.0077695,-0.19488,0.08005,0.074955
0.0059461,-0.12218,0.019197,0.049337,-0.1902,0.22884,0.076833
-0.053616,-0.74175,-0.058264,-0.018227,0.19063,-0.25069,-0.095238
-0.2404,0.55573,-0.28513,-0.17439,-0.12826,0.16442,0.17774
-0.094127,0.019904,0.013616,-0.14905,-0.050644,0.22372,-0.11094
0.31067,0.045486,-0.18522,-0.083618,0.052163,-0.036552,-0.031965
0.10661,-0.03053,0.041184,-0.013423,-0.093204,0.1646,-0.046028
0.10579,-0.1595,0.1769,0.072589,-0.21407,0.092745,0.06002
0.34062,-0.06729,-0.064276,0.035977,-0.087621,0.089609,-0.02211
0.29721,-0.48623,0.1303,-0.2097,-0.15444,-0.089298,0.51413
0.31382,0.031621,-0.082375,-0.26411,-0.14534,0.073471,0.3183
0.56246,-0.073794,-0.15115,-0.090493,-0.091995,-0.14933,0.095424
0.80164,0.34796,-0.35171,0.066147,0.069038,0.07738,-0.15008
0.49948,0.092373,0.079755,0.020242,-0.15424,0.050217,-0.16357
0.66437,-0.11915,0.17132,-0.099114,-0.1614,-0.033539,0.12155
0.71864,0.37554,0.084072,0.26715,-0.037495,0.31362,-0.29056
0.50657,0.10315,0.20015,-0.28013,0.17142,0.30114,-0.15706
0.28457,-0.069174,0.4259,-0.085771,-0.091594,0.21566,0.065642
0.14761,0.019205,0.37776,-0.14068,-0.14615,0.27815,0.24842
0.014711,0.32778,0.1914,-0.28969,-0.034495,0.28938,0.10825
0.13015,0.12055,0.24751,-0.072281,-0.038656,0.096646,-0.081832
0.31813,-0.037027,0.24471,0.14799,-0.13814,-0.043505,0.0041617
0.051179,0.12953,0.29886,0.036641,-0.23385,0.087915,0.19288
0.37164,0.13898,0.098315,0.050142,-0.042809,-0.023313,0.07648
0.32254,-0.06377,0.24773,0.094844,-0.10418,0.00098257,0.18877
0.47329,0.19807,0.020466,0.21154,-0.036263,-0.12849,0.017602
0.35041,0.18206,0.17278,0.22356,0.099366,0.24476,-0.31049
0.00052456,-0.0014885,0.32452,-0.19198,0.032738,0.15553,0.20159
-0.1553,0.13797,0.30285,-0.29697,0.097687,0.21747,0.05427
-0.007353,0.15965,0.3193,0.038489,-0.078906,0.036619,0.022532
0.081349,0.11337,0.26804,0.078491,-0.037513,0.13034,0.069485
0.20668,0.014135,0.19021,0.016814,0.046382,-0.026261,0.066046
0.083282,0.20449,0.32432,0.30849,-0.19314,0.015947,0.17935
0.27093,0.12864,0.1222,0.13922,0.10001,-0.13846,-0.02272
0.1818,0.089411,0.1821,0.024987,0.0095047,0.0075478,0.060716
-0.097255,0.10458,0.30202,-0.23332,0.032184,0.044981,0.22184
-0.049573,0.27191,0.19303,-0.29999,0.24473,0.087615,-0.19342
-0.070539,0.26658,0.26481,0.12915,0.067618,0.10252,-0.19716
-0.032924,-0.029349,0.28918,-0.017299,0.026547,-0.17393,0.072611
-0.035111,0.13571,0.23544,0.13312,-0.034962,-0.15032,-0.0404
0.282,0.10664,0.12415,0.036646,0.025209,-0.1317,-0.035452
-0.070157,0.0046731,0.23019,0.10459,-0.033197,-0.1632,0.088609
0.049134,0.1156,0.096818,0.053527,0.088188,-0.18948,-0.076483
0.064206,0.21884,0.072593,-0.063074,0.1625,0.018865,-0.08254
-0.06904,0.038891,0.16903,0.039934,0.0083475,-0.13207,0.018277
0.080041,0.044717,0.18346,0.13402,0.08735,-0.12485,-0.04395
-0.092481,0.10887,0.12794,0.14405,-0.06766,-0.056314,0.02889
-0.20711,-0.16873,0.30507,-0.033246,0.029717,-0.012798,0.034519
-0.14968,0.26545,0.024247,-0.13341,0.18565,-0.083668,-0.061817
-0.31542,0.25792,0.07463,0.10079,0.055115,-0.068942,-0.14546
-0.015892,-0.037567,0.17875,-0.0071672,0.10762,0.0022485,-0.084511
-0.080374,-0.085186,0.17876,-0.12196,0.19213,-0.052108,-0.039282
-0.45837,0.11641,0.19744,-0.19202,0.1677,-0.13256,0.10896
-0.29885,0.23178,0.061138,-0.22919,0.23402,-0.24315,0.078375
-0.32042,0.032929,0.1958,-0.1262,0.22087,-0.20063,-0.089621
-0.19903,-0.050165,0.20895,0.027418,0.04779,-0.13174,0.013193
-0.13117,0.021379,0.13868,0.0070874,0.15702,-0.29785,0.03952
-0.29929,0.073856,0.19069,0.0068245,0.056057,-0.010114,-0.14328
-0.20407,0.21914,0.0084528,-0.026969,0.16748,-0.21073,-0.14312
-0.32713,0.14235,0.2469,-0.13468,0.16155,-0.00070648,0.041181
-0.33832,-0.046698,0.15439,-0.17035,0.14793,-0.31141,-0.011935
-0.37644,0.2063,0.19231,-0.13747,0.12818,-0.12323,0.0022283
-0.081767,0.019356,0.15934,0.054631,0.09462,-0.26115,-0.080566
0.076723,0.015013,0.062457,0.11421,0.0019159,-0.15004,-0.1479
0.070476,0.057057,0.036337,0.22706,-0.11069,-0.19375,-0.00058394
0.21145,-0.21113,0.046574,0.16333,-0.04224,-0.091713,-0.044001
0.1596,0.16935,-0.0081168,0.14865,-0.10918,0.075548,-0.047159
-0.064325,0.038308,0.028562,0.25925,-0.20849,-0.097169,-0.10664
0.20662,-0.018973,-0.10496,-0.011212,0.11317,-0.00075179,-0.1828
-0.27231,0.03028,0.10815,-0.18385,-0.074603,0.17284,0.046851
-0.11904,0.051382,-0.0080336,0.10658,-0.16464,0.0024076,-0.079232
0.1312,-0.14583,-0.050559,0.072507,0.023632,-0.19054,-0.10726
0.03483,0.094848,-0.098239,0.06028,-0.033968,0.088307,-0.05917
-0.049794,-0.1161,0.11811,0.10467,-0.10912,0.13436,-0.065515
0.39466,-0.23126,-0.18506,0.0031057,0.08522,-0.16863,0.022821
-0.36276,0.26212,-0.0026972,0.10093,-0.17809,0.17174,-0.099222
-0.044866,-0.2188,0.018845,-0.17976,0.15882,0.060027,-0.071235
-0.22526,0.052318,0.077916,-0.14384,0.023299,0.15413,0.10429
-0.24706,0.15542,-0.043196,-0.018709,0.026693,0.0024028,-0.12876
-0.29535,0.20367,0.088883,-0.014763,0.056573,-0.052018,-0.046179
0.0073171,-0.092201,-0.082764,-0.015898,0.084322,-0.20312,0.047472
-0.088426,0.073292,0.10785,0.18296,0.027164,-0.10171,-0.077789
-0.25495,-0.096465,0.15418,-0.081763,0.031798,0.049862,0.0028838
0.056494,-0.024981,-0.010305,0.20475,-0.0010942,-0.096217,-0.20904
-0.20961,0.052637,0.11067,0.23318,-0.13996,0.057399,-0.059793
-0.08164,0.063444,0.0327,-0.074397,0.0059641,-0.051767,0.053155
-0.04718,0.084302,-0.015656,-0.11952,0.092239,0.091633,-0.21299
-0.31368,0.18105,0.11397,0.03122,-0.090978,0.14841,-0.10244
-0.26282,0.15316,-0.028577,-0.13267,0.04809,-0.081936,0.066688
-0.034218,0.0019172,-0.087452,-0.16286,0.17075,-0.21018,0.0087331
-0.099578,0.036025,0.10241,0.24242,-0.065329,0.011912,-0.17828
-0.11365,-0.061539,0.10028,0.21559,-0.10949,-0.018951,-0.098423
-0.17205,0.052326,0.052894,0.15296,-0.11517,0.18546,-0.15638
-0.20183,0.0019911,0.12155,-0.074553,-0.096558,-0.046358,0.16057
-0.24817,-0.032149,-0.0039036,0.061392,-0.079805,-0.0092589,-0.019078
-0.27855,0.088689,-0.021385,0.12155,-0.15802,-0.031722,0.051324
-0.33384,0.1611,-0.075649,0.06454,-0.11821,-0.092688,-0.014186
-0.0062907,0.05809,-0.13961,-0.01219,0.037938,-0.063691,-0.042878
-0.14267,0.062764,-0.087129,0.14754,-0.13636,-0.098511,-0.008822
-0.086848,-0.053433,-0.039148,0.15934,0.046169,0.046499,-0.21863
0.00040723,-0.034777,-0.11635,0.059905,0.079672,0.032354,-0.12206
-0.20713,-0.101,0.043007,0.11058,0.012101,-0.13902,-0.1573
-0.15905,-0.091778,-0.033638,-0.0073626,-0.017651,0.031506,0.039897
0.23107,0.03759,-0.32043,0.067382,0.17072,-0.094888,-0.088028
0.20349,-0.25673,-0.11893,0.108,0.19158,-0.011728,-0.13813
-0.54879,0.26471,-0.016858,-0.071182,-0.35748,0.14061,0.49401
0.16666,-0.042737,-0.29316,0.33229,-0.12832,-0.16417,0.16398
-0.048424,-0.22198,0.0043036,0.34457,-0.18325,-0.0028704,0.29123
-0.074154,0.10073,-0.088922,0.035665,0.22854,0.1627,-0.38864
-0.13498,-0.092583,-0.043531,0.23033,0.062683,-0.01402,-0.077729
-0.1202,-0.11115,0.047904,0.13253,0.10196,0.11848,-0.044096
-0.21243,0.18997,-0.17306,-0.063851,0.093498,0.16388,-0.096072
-0.018802,-0.24792,0.001978,-0.10761,0.19863,-0.0084563,-0.025247
-0.032235,-0.43437,0.14517,0.15271,0.011965,-0.049783,0.054083
-0.22801,0.45671,-0.18314,-0.062044,0.13164,0.18723,-0.052603
0.060545,-0.016861,-0.10948,-0.17056,0.30165,0.055478,-0.024482
-0.16705,-0.2644,0.075538,0.15307,0.027023,-0.11894,-0.04001
-0.21,0.059768,-0.040306,-0.045943,0.098081,-0.026795,0.19968
0.1017,-0.20418,-0.063496,0.049296,0.12509,-0.12155,-0.019133
-0.38952,0.32176,-0.058825,-0.050178,-0.010014,0.072934,0.16814
-0.17337,0.0041061,0.0069623,0.1342,0.084855,-0.015379,-0.23247
-0.32498,-0.013181,0.074473,0.030624,0.084671,0.050805,0.022551
-0.174,-0.03552,-0.056018,-0.046557,0.22163,-0.054237,-0.19067
-0.063105,-0.18889,-0.019097,-0.12079,0.18342,-0.088974,0.071001
-0.20552,-0.10146,0.047291,0.11719,-0.021866,-0.054382,0.026724
-0.18337,0.66732,-0.32702,0.12749,-0.021223,-0.0075578,0.0080255
0.1299,-0.25353,-0.11592,-0.45667,0.24488,0.14145,0.20354
-0.060312,-0.46521,0.13948,0.24771,-0.19124,-0.089766,-0.020489
0.16753,0.29279,-0.29608,0.00596,0.036634,0.0089486,-0.062627
0.26712,0.15048,-0.33916,0.037951,0.098717,-0.001046,-0.068771
-0.18263,-0.55078,0.24696,-0.051441,-0.082588,0.025852,0.15959
0.19697,0.29235,-0.45575,-0.10366,0.1095,-0.10515,0.037032
0.11222,-0.13903,-0.21026,-0.032245,0.047476,-0.05068,0.10884
0.23064,-0.12142,-0.19636,0.30525,-0.14905,-0.0486,0.24451
0.38347,-0.38272,-0.071059,0.29765,-0.042158,-0.023573,0.15086
0.36262,0.15045,-0.40063,0.070666,0.066576,0.16702,0.12547
0.36844,0.13651,-0.38866,0.035675,0.026677,-0.041133,0.34831
0.40916,-0.29761,-0.0054372,0.033173,0.16713,0.11601,0.27142
0.32158,-0.28558,0.059024,0.096,0.22319,0.31304,-0.16384
0.49882,0.21685,-0.25812,0.14232,0.20719,0.14478,0.14512
0.35276,0.3126,-0.20551,0.034503,0.30839,0.16485,0.11134
0.41966,-0.35528,0.070817,0.15584,0.16669,0.26475,0.30399
0.59239,-0.036397,-0.13725,0.25559,0.11064,-0.45025,0.96174
0.47659,0.43778,-0.16725,0.20551,0.23783,0.77797,-0.15842
0.49089,-0.094183,0.19273,0.21851,0.31796,0.25678,0.26649
0.29049,0.13828,0.14144,0.055312,0.34777,0.27181,0.16745
0.11818,-0.10256,0.30537,0.046375,0.26609,0.28351,0.24664
0.13999,0.010405,0.064339,0.051198,0.36391,0.097214,0.16995
0.0075892,-0.16835,0.37698,-0.026398,0.36191,0.30248,0.092113
0.12455,0.034251,0.14597,0.041685,0.20214,0.18833,0.28293
0.029845,0.35946,-0.011716,0.18986,0.23497,0.10149,0.1739
-0.050747,0.078753,0.1382,0.15875,0.12459,0.052975,0.45628
0.18906,-0.053416,-0.012824,0.14551,0.20275,-0.23494,0.51346
0.14131,0.0010119,0.094946,0.1541,0.15683,0.13415,0.12667
0.18397,0.039035,-0.11649,0.090358,0.20149,0.0058375,0.30977
0.14616,-0.063372,-0.008132,0.0087031,0.2506,0.030872,0.24892
0.10797,0.18125,0.10073,0.32912,0.15956,0.27255,0.10221
0.32357,-0.036386,-0.083307,0.09707,0.38116,0.1181,0.11771
-0.15682,-0.32558,0.31026,0.17388,0.19167,-0.011419,0.23109
0.21383,-0.11063,0.0012055,0.049837,0.16246,0.053404,0.46823
0.18809,0.23192,-0.11254,0.14184,0.21962,0.22518,0.038569
0.34343,0.63298,-0.34922,0.20932,0.44952,0.18736,-0.20527
0.13662,-0.2709,0.24367,0.53443,0.1305,0.12058,-0.016552
0.059471,-0.42953,0.28481,0.26946,0.11972,0.30822,0.094148
-0.047228,0.017503,0.056811,-0.15415,0.36861,0.26468,0.23259
0.026409,-0.099369,0.065472,-0.074759,0.45476,0.0084398,0.086447
-0.13965,0.070219,0.05735,0.17723,0.16181,0.2629,0.0066339
-0.059411,0.21603,-0.1166,0.30938,0.26114,-0.040915,-0.092831
-0.20101,0.02948,0.17626,0.13308,0.19281,0.17822,0.2038
-0.02593,-0.21638,0.13034,0.21427,0.30254,-0.036817,0.090026
-0.079011,-0.20257,0.16917,0.28703,0.23474,-0.0092407,-0.025678
-0.13573,0.22439,-0.03645,0.13332,0.13082,0.032899,0.19321
-0.11153,0.026216,-0.11877,0.15672,0.21065,-0.043763,-0.0051744
-0.26968,0.094831,-0.066843,-0.049608,0.35576,-0.1627,0.086872
-0.35041,-0.16953,0.16014,-0.1044,0.29719,-0.031662,0.29701
0.10953,0.068854,-0.096702,0.064768,0.49231,-0.030352,-0.18209
-0.25235,0.26125,-0.027923,0.23515,0.21902,-0.098545,0.098166
-0.11721,-0.020593,0.005502,0.13319,0.21901,-0.016375,0.17675
-0.13212,-0.11693,0.11376,0.17481,0.25083,0.080758,0.022508
-0.28746,-0.41519,0.23945,0.12562,0.17748,0.092915,0.2293
-0.033796,0.041789,-0.1096,0.16782,0.27921,0.093488,-0.074466
-0.34329,0.57692,-0.20316,0.24265,0.17631,0.24035,-0.11584
-0.079544,-0.12611,-0.021801,-0.04034,0.32901,0.019348,0.26466
-0.33153,-0.35464,0.14111,0.099497,0.18395,0.057566,0.074769
-0.044481,-0.070706,-0.10416,-0.035695,0.38236,-0.092057,0.0062518
-0.2814,0.035208,-0.13678,0.10886,0.17255,-0.05204,0.088778
-0.12837,0.29495,-0.31876,0.15219,0.15199,0.095052,0.0066165
-0.2464,-0.15812,0.016267,0.203,0.22084,0.052057,-0.085279
-0.15914,-0.53997,0.087513,-0.0076744,0.38221,-0.01588,-0.014561
-0.20921,-0.18113,-0.11528,0.072662,0.16725,0.14181,0.10377
0.1952,-0.89121,0.011247,0.081632,0.27603,-0.16465,0.13784
-0.42552,1.047,-0.61435,-0.08029,0.15757,0.22929,-0.044962
-0.35471,0.67824,-0.49454,0.090499,0.19907,0.22459,-0.24475
-0.19223,-0.56645,0.1827,0.14086,0.12605,-0.0070425,0.057586
-0.40327,-0.556,0.11842,0.19344,0.14328,-0.1841,-0.034978
-0.080693,0.49153,-0.5734,0.013002,0.24059,0.15073,-0.1369
-0.29758,-0.324,-0.045776,0.012325,0.15261,-0.080154,-0.046893
-0.16955,-0.42362,0.029928,-0.0093283,0.12987,-0.12105,0.14532
0.022291,0.039106,-0.32943,0.072288,0.14218,0.023551,0.026687
-0.14902,0.079258,-0.18494,-0.068717,0.071664,-0.078588,0.06927
0.12085,-0.30776,-0.094897,-0.0017131,0.14314,-0.045845,0.034161
-0.13193,-0.034919,-0.052002,0.14026,-0.070156,0.09886,-0.025208
0.034868,0.80585,-0.63785,0.21516,0.024746,0.050495,-0.32757
0.10508,-0.06402,-0.092497,0.051171,0.091327,-0.072988,-0.18312
0.029738,-0.65518,0.14375,0.085467,-0.050355,-0.039528,0.04493
-0.3318,-0.36728,0.16089,0.049868,-0.17708,0.10448,0.083729
0.15598,0.31118,-0.41795,-0.099248,0.16896,-0.027158,-0.24784
-0.12974,-0.37723,0.14291,-0.058509,-0.15268,0.17421,0.10821
-0.12515,-0.13867,-0.028697,0.064623,-0.1372,-0.068747,0.019485
0.0085719,0.14312,-0.12773,0.039949,-0.073325,0.094498,0.0070247
0.026827,-0.17847,-0.096902,-0.033888,-0.016187,0.049388,-0.21796
0.042531,0.06634,-0.19327,-0.14934,-0.0040228,0.048327,-0.056254
0.18325,-0.097864,-0.049947,0.030706,-0.026951,0.040722,-0.060585
0.26881,0.28218,-0.23828,0.073971,-0.15823,-0.10573,0.26851
0.098637,-0.56249,0.25803,0.027504,-0.22443,0.074852,-0.022464
0.29196,-0.060207,-0.11572,0.052379,-0.088082,0.013147,-0.20517
0.074517,-0.49029,0.15154,0.072349,-0.41846,-0.11619,0.29335
0.27195,0.53905,-0.37828,-0.16247,-0.2082,0.085881,-0.16772
0.33735,-0.15948,-0.020934,0.046478,-0.33064,-0.16453,0.20079
0.4833,0.10906,-0.058413,0.08537,-0.22615,-0.22943,0.16421
0.49401,-0.14055,0.053877,0.071853,-0.22367,-0.19154,0.11619
0.52807,0.12337,0.035719,-0.25828,0.087594,0.18345,-0.18295
0.39829,-0.29622,0.303,-0.21981,-0.023998,0.14685,-0.080919
0.39892,-0.33234,0.22751,-0.37741,0.18224,-0.037424,0.24207
0.68317,0.27556,-0.05231,-0.18393,0.10262,-0.16006,0.051282
0.86662,0.95465,-0.37263,-0.26235,0.1847,0.075791,-0.29705
1.3558,-0.28255,0.143,-0.15767,0.32423,-0.38936,0.058996
0.87389,1.6557,-0.51184,-0.78763,0.20375,-0.26157,1.2913
1.4663,1.1957,-0.22132,-0.11223,0.16988,-0.29722,0.40651
1.7955,-0.66237,0.84017,0.30896,0.097922,-0.24948,0.31184
1.6335,-1.1292,0.97407,-0.4937,0.39892,0.013908,-0.012169
1.0653,0.1549,0.49273,-0.65874,0.11414,0.35742,0.40437
1.4538,0.63592,0.14908,-0.43624,0.19259,0.11438,0.26295
1.0993,-0.086523,0.8754,-0.15027,0.023114,0.58344,-0.29195
0.95345,-0.0037995,0.65985,-0.03441,0.06345,0.40865,-0.38443
0.77946,-0.60146,0.97909,-0.26413,0.0268,0.42454,-0.14196
0.39588,1.3145,0.23552,-0.09794,-0.29797,0.4958,0.031858
0.34704,-0.25321,1.0198,-0.067013,-0.227,0.39408,-0.097156
0.49177,0.52959,0.51636,-0.12528,-0.26482,0.35002,-0.018055
0.55283,0.039266,0.65173,-0.208,-0.24251,0.25782,0.027625
0.27415,0.15633,0.59137,-0.2202,-0.24475,0.049978,-0.12829
0.49133,0.48073,0.37022,-0.35885,-0.10102,0.2153,-0.23496
0.085899,0.095443,0.59305,-0.36821,-0.34145,0.026906,0.052689
0.44713,0.65465,0.072837,-0.34039,-0.15536,-0.27868,0.15359
0.025217,-0.043754,0.6861,-0.25173,-0.29408,0.062792,-0.19071
0.051278,0.32063,0.44108,-0.23264,-0.26869,-0.15408,-0.18422
0.018788,0.55807,0.34479,-0.34172,-0.52499,-0.27077,0.40813
0.38854,0.28062,0.36845,-0.38631,-0.28012,-0.28207,0.031042
0.20788,0.0019005,0.60301,-0.20009,-0.44106,-0.2981,0.13988
0.36755,0.16125,0.39337,-0.10293,-0.33728,-0.25146,-0.04788
0.28894,0.19016,0.36623,-0.2799,-0.32632,-0.16703,-0.21945
0.26484,-0.10118,0.55257,-0.16452,-0.33774,-0.24684,-0.1741
0.33653,0.3179,0.28312,-0.39077,-0.25896,-0.11676,-0.25572
0.037169,0.094864,0.58108,-0.44983,-0.1991,-0.14168,-0.11067
0.16613,0.26693,0.45202,-0.19659,-0.32592,-0.026512,-0.22109
0.27693,0.25953,0.47307,-0.30661,-0.27113,-0.35471,-0.26336
0.073311,0.052135,0.53009,-0.24589,-0.46866,-0.23347,0.015357
0.33184,0.10058,0.37649,-0.21322,-0.22995,-0.35772,-0.33811
0.30101,0.43399,0.305,-0.17179,-0.32523,-0.19377,-0.13486
0.26459,0.53045,0.16516,-0.21845,-0.29324,-0.29213,-0.037258
0.092235,0.021198,0.67096,-0.12968,-0.35823,-0.18687,-0.021442
0.30549,0.33326,0.2538,-0.1584,-0.44918,-0.38626,0.40158
0.26793,0.16637,0.35565,-0.41484,-0.21119,-0.15316,-0.19242
0.10237,0.45262,0.25328,-0.2898,-0.29742,-0.16473,-0.17994
0.29226,-0.086939,0.39721,-0.17761,-0.19869,-0.20751,-0.21294
0.054644,0.4644,0.23118,-0.25039,-0.30288,-0.14024,-0.2194
-0.062199,-0.050072,0.55293,-0.10826,-0.32116,-0.27096,-0.24099
0.12817,0.17977,0.29889,-0.16154,-0.27501,-0.12857,-0.26405
0.20283,0.094173,0.22574,-0.2254,-0.094188,-0.3094,-0.45786
0.13771,0.32809,0.25295,-0.20235,-0.28662,-0.14292,0.018358
0.26147,0.47867,0.077493,-0.22548,-0.19173,-0.18808,-0.089464
0.27598,0.1499,0.25805,-0.20304,-0.2065,-0.29824,0.076093
0.21262,-0.093493,0.38064,-0.11756,-0.19306,-0.21642,-0.13041
0.26883,-0.44289,0.51195,-0.17855,-0.090509,-0.26591,-0.19745
0.11372,0.15779,0.22198,-0.018619,-0.14415,-0.0761,-0.30146
0.13152,0.35749,0.079024,-0.14573,-0.10508,-0.13917,-0.1607
0.061122,0.61671,-0.0011437,-0.18165,-0.2298,-0.11556,-0.059164
-0.051726,0.038308,0.27625,-0.026554,-0.25014,-0.14666,-0.054597
0.11991,-0.15276,0.30595,-0.24122,0.030227,-0.26064,-0.25707
-0.085841,-0.12959,0.43454,-0.25978,-0.15838,-0.043569,-0.11198
0.22616,0.91866,-0.14934,-0.099501,-0.034703,-0.081774,-0.21131
0.23601,0.031069,0.21254,-0.028074,-0.10488,-0.19543,-0.14958
0.023186,-0.13415,0.38015,-0.14402,-0.071816,-0.097066,-0.29267
0.066622,0.0094855,0.28293,-0.26703,-0.083794,-0.23444,0.011538
0.30625,0.063563,0.1495,-0.19152,0.12944,-0.23642,-0.32745
-0.1019,0.13211,0.33266,-0.12972,-0.17299,-0.16912,0.016241
0.029568,0.33321,0.16142,-0.10279,-0.14375,-0.15984,-0.11796
0.14886,0.035608,0.26521,0.036055,-0.084418,-0.31221,-0.034581
-0.063562,0.070538,0.30297,-0.17114,-0.040072,-0.0034065,-0.28005
0.056349,0.0055062,0.3119,-0.10497,-0.026076,-0.18,-0.13094
0.31332,0.1242,0.13514,-0.10529,0.017663,-0.45815,-0.24883
-0.061821,0.36857,0.24132,-0.059634,-0.21853,0.0084439,0.088531
-0.1325,0.12568,0.31272,-0.062313,-0.14896,-0.052019,-0.1152
-0.035668,-0.018466,0.25508,-0.0083431,-0.027399,-0.38675,-0.22612
0.046016,0.26807,0.16337,-0.014202,-0.11466,-0.20939,-0.18324
-0.029719,0.07452,0.27108,-0.077289,-0.077169,-0.23714,-0.22791
-0.099511,0.15494,0.15747,0.0016108,-0.16379,-0.11908,-0.16891
0.17473,0.23388,0.076932,-0.13007,0.055327,-0.33915,-0.1816
0.036491,0.13689,0.19756,-0.15098,-0.026905,-0.1666,-0.16339
0.015505,0.2188,0.12798,-0.06279,-0.060547,-0.33658,-0.082073
-0.11088,0.30635,0.23735,-0.10673,-0.12323,0.081141,-0.16644
0.13367,0.46387,0.041104,-0.028032,0.040206,-0.31907,-0.14471
0.23929,0.47972,-0.059485,0.011,0.033143,-0.24852,-0.098874
0.1731,-0.79066,0.65767,-0.14923,-0.013428,-0.45504,-0.048622
0.02525,0.07502,0.25155,-0.25777,-0.032836,-0.045792,-0.025692
0.10159,0.21634,0.023706,0.11885,0.041037,-0.19998,-0.3261
0.057558,-0.38309,0.30958,-0.10873,0.10558,-0.17495,-0.053105
0.045908,0.2086,-0.041461,-0.09146,0.13816,-0.23861,-0.10638
-0.14031,0.3945,0.13859,-0.080281,-0.071705,-0.13468,0.018383
0.22388,0.25392,0.048211,-0.092898,0.076124,-0.14727,0.041713
0.2491,0.33584,-0.04574,-0.093351,0.11672,-0.3057,0.045112
0.097228,-0.26216,0.39007,0.055567,0.012998,-0.16263,-0.19323
0.14989,0.041925,0.13914,-0.11941,0.20505,-0.15532,-0.15984
0.17005,0.34823,-0.02216,-0.081227,0.10365,-0.13678,-0.14989
-0.07923,0.088832,0.2954,-0.16051,-0.060742,-0.21034,0.36262
0.23593,0.26095,0.013672,0.12749,0.1001,-0.16479,-0.064097
0.17255,-0.46756,0.42243,0.079784,0.085025,-0.16944,-0.27901
0.090255,-0.094594,0.26542,0.12695,-0.078088,-0.023607,-0.070605
0.15399,0.13232,0.096395,-0.075484,0.10805,-0.22975,-0.17304
0.053082,0.0646,0.19547,0.016127,-0.086062,0.029288,0.047876
-0.0014599,0.39057,0.02861,0.018559,-0.028845,-0.018224,-0.22462
0.13145,-0.080337,0.13183,-0.00062111,0.019215,-0.1825,-0.011027
0.051376,-0.0026046,0.15325,-0.13692,0.043232,-0.11655,-0.11159
0.0056075,-0.028631,0.15108,-0.15822,0.050525,-0.0725,-0.019925
0.054442,0.31472,-0.010529,-0.19331,0.16979,-0.32369,-0.21543
-0.15984,-0.19083,0.34137,-0.22483,0.015271,0.24479,-0.10624
0.044102,-0.10611,0.17682,0.077198,0.003353,-0.24735,-0.06628
0.060613,0.53908,-0.15273,0.055607,0.056237,-0.27861,-0.32439
-0.0050606,0.26212,0.089669,-0.1079,0.038191,-0.041227,-0.079779
-0.19798,-0.21331,0.43464,-0.044413,-0.12921,-0.074813,0.057665
0.15595,0.37413,-0.019691,-0.060363,0.0071588,-0.030173,-0.12421
-0.069675,-0.13116,0.1876,0.038306,-0.035795,-0.19365,-0.16267
0.13943,-0.029158,0.090196,-0.024129,0.044951,-0.14798,-0.13558
0.077441,-0.25765,0.18142,-0.012997,-0.069981,-0.21288,-0.045441
-0.0022532,-0.10187,0.20764,-0.018656,-0.057239,-0.041645,-0.2337
-0.28506,0.50093,0.055737,-0.11467,-0.067162,0.09852,-0.085528
-0.076407,-0.20211,0.22022,-0.098799,-0.017149,-0.14546,-0.018858
-0.041562,0.23046,-0.0048995,-0.03789,-0.019613,-0.073195,-0.17812
0.0087775,-0.37202,0.29888,-0.0075367,0.076864,-0.16067,-0.18888
-0.22031,0.43876,-0.13799,-0.14285,0.021874,-0.26607,-0.05746
-0.12208,0.28643,0.078051,-0.078296,0.062328,-0.097656,-0.081171
-0.19044,-0.12834,0.3523,-0.21339,-0.050624,-0.036816,0.16846
0.16789,-0.065959,-0.033366,-0.076524,0.2399,-0.46109,-0.40501
-0.063499,0.26311,0.10621,-0.073568,-0.12035,0.051182,0.044191
-0.042419,0.045789,0.18515,-0.11634,-0.00065991,-0.059165,-0.14137
-0.095709,0.1191,0.11981,-0.014381,-0.073334,-0.18084,-0.12973
-0.037406,0.13954,0.14829,-0.0987,0.020372,-0.045224,-0.15975
